Timer	HMI_speed_318	ATC_AMmode_710	ATC_RMmode_710	ATC_CMmode_710	ATC_ATBmode_710	ATC_arrsig_710	ATC_deparsig_710
18:30:07	1	5	1	0	0	0	0
18:30:10	1	5	1	0	0	0	0
18:30:13	1	5	1	0	0	0	0
18:30:16	1	5	1	0	0	0	0
18:30:19	1	5	1	0	0	0	0
18:30:22	1	5	1	0	0	0	0
18:30:25	1	5	1	0	0	0	0
18:30:28	1	5	1	0	0	0	0
18:30:31	1	5	1	0	0	0	0
18:30:34	1	5	1	0	0	0	1
18:30:37	1	5	1	0	0	0	1
18:30:40	1	5	1	0	0	0	1
18:30:43	1	5	1	0	0	0	1
18:30:47	1	5	1	0	0	0	1
18:30:50	1	5	1	0	0	0	1
18:30:53	1	5	1	0	0	0	1
18:30:56	1	5	1	0	0	0	0
18:30:59	1	5	1	0	0	0	0
18:31:02	1	5	1	0	0	0	0
18:31:05	2	5	0	0	1	0	0
18:31:08	2	5	0	0	1	0	0
18:31:11	2	5	0	0	1	0	0
18:31:14	2	5	0	0	1	0	0
18:31:17	2	5	0	0	1	0	0
18:31:20	2	5	0	0	1	0	0
18:31:23	2	5	0	0	1	0	0
18:31:26	2	5	0	0	1	0	0
18:31:30	2	5	0	0	1	0	0
18:31:33	1	5	1	0	0	0	0
18:31:36	1	5	1	0	0	0	0
18:31:39	1	5	1	0	0	0	0
18:31:42	1	5	1	0	0	0	0
18:31:45	1	5	1	0	0	0	0
18:31:48	1	5	1	0	0	0	0
18:31:51	1	5	1	0	0	0	0
18:31:54	1	5	1	0	0	0	0
18:31:57	1	5	1	0	0	0	0
18:32:00	1	5	1	0	0	0	0
18:32:03	1	5	1	0	0	0	0
18:32:06	1	5	1	0	0	0	0
18:32:10	1	5	1	0	0	0	0
18:32:13	1	5	1	0	0	0	0
18:32:17	1	5	1	0	0	0	0
18:32:20	1	5	1	0	0	0	0
18:32:23	1	5	1	0	0	0	0
18:32:26	1	5	1	0	0	0	0
18:32:29	1	5	1	0	0	0	0
18:32:32	1	5	1	0	0	0	0
18:32:35	1	5	1	0	0	0	0
18:32:38	1	5	1	0	0	0	0
18:32:41	1	5	1	0	0	0	0
18:32:44	1	5	1	0	0	0	0
18:32:47	1	5	1	0	0	0	0
18:32:50	1	5	1	0	0	0	0
18:32:54	1	5	1	0	0	0	0
18:32:57	1	5	1	0	0	0	0
18:33:00	1	5	1	0	0	0	0
18:33:03	1	5	1	0	0	0	0
18:33:06	1	5	1	0	0	0	0
18:33:09	1	5	1	0	0	0	0
18:33:12	1	5	1	0	0	0	0
18:33:15	1	5	1	0	0	0	0
18:33:18	1	5	1	0	0	0	0
18:33:21	1	5	1	0	0	0	0
18:33:24	1	5	1	0	0	0	0
18:33:27	1	5	1	0	0	0	0
18:33:30	1	5	1	0	0	0	0
18:33:33	1	5	1	0	0	0	0
18:33:37	1	5	1	0	0	0	0
18:33:40	1	5	1	0	0	0	1
18:33:43	1	5	1	0	0	0	1
18:33:46	1	5	1	0	0	0	1
18:33:49	1	5	1	0	0	0	1
18:33:52	1	5	1	0	0	0	1
18:33:55	1	5	1	0	0	0	1
18:33:58	1	5	1	0	0	0	1
18:34:01	1	5	1	0	0	0	0
18:34:04	1	5	1	0	0	0	0
18:34:07	2	5	0	0	1	0	0
18:34:10	2	5	0	0	1	0	0
18:34:13	2	5	0	0	1	0	0
18:34:16	2	5	0	0	1	0	0
18:34:20	2	5	0	0	1	0	0
18:34:23	2	5	0	0	1	0	0
18:34:26	2	5	0	0	1	0	0
18:34:29	2	5	0	0	1	0	0
18:34:32	2	5	0	0	1	0	0
18:34:35	1	5	1	0	0	0	0
18:34:38	2	5	0	0	1	0	0
18:34:41	2	5	0	0	1	0	0
18:34:44	2	5	0	0	1	0	0
18:34:47	2	5	0	0	1	0	0
18:34:50	2	5	0	0	1	0	0
18:34:53	2	5	0	0	1	0	0
18:34:56	2	5	0	0	1	0	0
18:34:59	2	5	0	0	1	0	0
18:35:03	2	5	0	0	1	0	0
18:35:06	1	5	1	0	0	0	0
18:35:09	1	5	1	0	0	0	0
18:35:12	1	5	1	0	0	0	0
18:35:15	1	5	1	0	0	0	0
18:35:18	1	5	1	0	0	0	0
18:35:21	1	5	1	0	0	0	0
18:35:24	1	5	1	0	0	0	0
18:35:27	1	5	1	0	0	0	0
18:35:30	1	5	1	0	0	0	0
18:35:33	1	5	1	0	0	0	0
18:35:36	1	5	1	0	0	0	0
18:35:39	1	5	1	0	0	0	0
18:35:42	1	5	1	0	0	0	0
18:35:46	1	5	1	0	0	0	0
18:35:49	1	5	1	0	0	0	0
18:35:52	1	5	1	0	0	0	0
18:35:55	1	5	1	0	0	0	0
18:35:58	1	5	1	0	0	0	0
18:36:01	1	5	1	0	0	0	0
18:36:04	1	5	1	0	0	0	0
18:36:07	1	5	1	0	0	0	0
18:36:10	1	5	1	0	0	0	0
18:36:13	1	5	1	0	0	0	0
18:36:16	1	5	1	0	0	0	0
18:36:19	1	5	1	0	0	0	0
18:36:22	1	5	1	0	0	0	0
18:36:26	1	5	1	0	0	0	0
18:36:29	1	5	1	0	0	0	0
18:36:32	1	5	1	0	0	0	0
18:36:35	1	5	1	0	0	0	0
18:36:38	1	5	1	0	0	0	0
18:36:41	1	5	1	0	0	0	0
18:36:44	1	5	1	0	0	0	1
18:36:47	1	5	1	0	0	0	1
18:36:50	1	5	1	0	0	0	1
18:36:53	1	5	1	0	0	0	1
18:36:56	1	5	1	0	0	0	1
18:36:59	1	5	1	0	0	0	1
18:37:02	1	5	1	0	0	0	1
18:37:05	1	5	1	0	0	0	0
18:37:09	1	5	1	0	0	0	0
18:37:12	1	5	1	0	0	0	0
18:37:15	2	5	0	0	1	0	0
18:37:18	2	5	0	0	1	0	0
18:37:21	2	5	0	0	1	0	0
18:37:24	2	5	0	0	1	0	0
18:37:27	2	5	0	0	1	0	0
18:37:30	2	5	0	0	1	0	0
18:37:33	2	5	0	0	1	0	0
18:37:36	2	5	0	0	1	0	0
18:37:39	1	5	1	0	0	0	0
18:37:42	1	5	1	0	0	0	0
18:37:45	1	5	1	0	0	0	0
18:37:48	1	5	1	0	0	0	0
18:37:52	1	5	1	0	0	0	0
18:37:55	1	5	1	0	0	0	0
18:37:58	1	5	1	0	0	0	0
18:38:01	1	5	1	0	0	0	0
18:38:04	1	5	1	0	0	0	0
18:38:07	1	5	1	0	0	0	0
18:38:10	1	5	1	0	0	0	0
18:38:13	1	5	1	0	0	0	0
18:38:16	1	5	1	0	0	0	0
18:38:19	1	5	1	0	0	0	0
18:38:22	1	5	1	0	0	0	0
18:38:25	1	5	1	0	0	0	0
18:38:28	1	5	1	0	0	0	0
18:38:31	1	5	1	0	0	0	0
18:38:35	1	5	1	0	0	0	0
18:38:38	1	5	1	0	0	0	0
18:38:41	1	5	1	0	0	0	1
18:38:44	1	5	1	0	0	0	1
18:38:47	1	5	1	0	0	0	1
18:38:50	1	5	1	0	0	0	1
18:38:53	1	5	1	0	0	0	1
18:38:56	1	5	1	0	0	0	1
18:38:59	1	5	1	0	0	0	1
18:39:02	1	5	1	0	0	0	0
18:39:05	1	5	1	0	0	0	0
18:39:08	1	5	1	0	0	0	0
18:39:11	2	5	0	0	1	0	0
18:39:14	2	5	0	0	1	0	0
18:39:18	2	5	0	0	1	0	0
18:39:21	2	5	0	0	1	0	0
18:39:24	2	5	0	0	1	0	0
18:39:27	2	5	0	0	1	0	0
18:39:30	2	5	0	0	1	0	0
18:39:33	1	5	1	0	0	0	0
18:39:36	1	5	1	0	0	0	0
18:39:39	1	5	1	0	0	0	0
18:39:42	1	5	1	0	0	0	0
18:39:45	1	5	1	0	0	0	0
18:39:48	1	5	1	0	0	0	0
18:39:51	1	5	1	0	0	0	0
18:39:54	1	5	1	0	0	0	0
18:39:57	1	5	1	0	0	0	0
18:40:01	1	5	1	0	0	0	0
18:40:04	1	5	1	0	0	0	0
18:40:07	1	5	1	0	0	0	0
18:40:10	1	5	1	0	0	0	0
18:40:13	1	5	1	0	0	0	0
18:40:16	1	5	1	0	0	0	0
18:40:19	1	5	1	0	0	0	0
18:40:22	1	5	1	0	0	0	0
18:40:25	1	5	1	0	0	0	0
18:40:28	1	5	1	0	0	0	0
18:40:31	1	5	1	0	0	0	0
18:40:34	1	5	1	0	0	0	0
18:40:37	1	5	1	0	0	0	0
18:40:40	1	5	1	0	0	0	0
18:40:44	1	5	1	0	0	0	0
18:40:47	1	5	1	0	0	0	0
18:40:50	1	5	1	0	0	0	0
18:40:53	1	5	1	0	0	0	0
18:40:56	1	5	1	0	0	0	0
18:40:59	1	5	1	0	0	0	0
18:41:02	1	5	1	0	0	0	0
18:41:05	1	5	1	0	0	0	0
18:41:08	1	5	1	0	0	0	0
18:41:11	1	5	1	0	0	0	0
18:41:14	1	5	1	0	0	0	0
18:41:17	1	5	1	0	0	0	0
18:41:20	1	5	1	0	0	0	0
18:41:23	1	5	1	0	0	0	0
18:41:27	1	5	1	0	0	0	0
18:41:30	1	5	1	0	0	0	0
18:41:33	1	5	1	0	0	0	0
18:41:36	1	5	1	0	0	0	0
18:41:39	1	5	1	0	0	0	0
18:41:42	1	5	1	0	0	0	0
18:41:45	1	5	1	0	0	0	0
18:41:48	1	5	1	0	0	0	0
18:41:51	1	5	1	0	0	0	0
18:41:54	1	5	1	0	0	0	0
18:41:57	1	5	1	0	0	0	0
18:42:00	1	5	1	0	0	0	0
18:42:03	1	5	1	0	0	0	1
18:42:07	1	5	1	0	0	0	1
18:42:10	1	5	1	0	0	0	1
18:42:13	1	5	1	0	0	0	1
18:42:16	1	5	1	0	0	0	1
18:42:19	1	5	1	0	0	0	1
18:42:22	1	5	1	0	0	0	1
18:42:25	1	5	1	0	0	0	0
18:42:28	1	5	1	0	0	0	0
18:42:31	1	5	1	0	0	0	0
18:42:34	2	5	0	0	1	0	0
18:42:37	2	5	0	0	1	0	0
18:42:40	2	5	0	0	1	0	0
18:42:43	2	5	0	0	1	0	0
18:42:46	2	5	0	0	1	0	0
18:42:50	2	5	0	0	1	0	0
18:42:53	2	5	0	0	1	0	0
18:42:56	1	5	1	0	0	0	0
18:42:59	1	5	1	0	0	0	0
18:43:02	1	5	1	0	0	0	0
18:43:05	1	5	1	0	0	0	0
18:43:08	1	5	1	0	0	0	0
18:43:11	1	5	1	0	0	0	0
18:43:14	1	5	1	0	0	0	0
18:43:17	1	5	1	0	0	0	0
18:43:20	1	5	1	0	0	0	0
18:43:23	1	5	1	0	0	0	0
18:43:26	1	5	1	0	0	0	0
18:43:29	1	5	1	0	0	0	0
18:43:33	1	5	1	0	0	0	0
18:43:36	1	5	1	0	0	0	0
18:43:39	1	5	1	0	0	0	0
18:43:42	1	5	1	0	0	0	0
18:43:45	1	5	1	0	0	0	0
18:43:48	1	5	1	0	0	0	0
18:43:51	1	5	1	0	0	0	0
18:43:54	1	5	1	0	0	0	0
18:43:57	1	5	1	0	0	0	0
18:44:00	1	5	1	0	0	0	0
18:44:03	1	5	1	0	0	0	0
18:44:06	1	5	1	0	0	0	0
18:44:09	1	5	1	0	0	0	0
18:44:12	1	5	1	0	0	0	0
18:44:16	1	5	1	0	0	0	0
18:44:19	1	5	1	0	0	0	0
18:44:22	1	5	1	0	0	0	0
18:44:25	1	5	1	0	0	0	0
18:44:28	1	5	1	0	0	0	0
18:44:31	1	5	1	0	0	0	0
18:44:34	1	5	1	0	0	0	0
18:44:37	1	5	1	0	0	0	0
18:44:40	1	5	1	0	0	0	1
18:44:43	1	5	1	0	0	0	1
18:44:46	1	5	1	0	0	0	1
18:44:49	1	5	1	0	0	0	1
18:44:52	1	5	1	0	0	0	1
18:44:55	1	5	1	0	0	0	1
18:44:59	1	5	1	0	0	0	1
18:45:02	1	5	1	0	0	0	0
18:45:05	1	5	1	0	0	0	0
18:45:08	1	5	1	0	0	0	0
18:45:11	2	5	0	0	1	0	0
18:45:14	2	5	0	0	1	0	0
18:45:17	2	5	0	0	1	0	0
18:45:20	2	5	0	0	1	0	0
18:45:23	2	5	0	0	1	0	0
18:45:26	2	5	0	0	1	0	0
18:45:29	2	5	0	0	1	0	0
18:45:32	2	5	0	0	1	0	0
18:45:35	2	5	0	0	1	0	0
18:45:38	2	5	0	0	1	0	0
18:45:42	2	5	0	0	1	0	0
18:45:45	2	5	0	0	1	0	0
18:45:48	2	5	0	0	1	0	0
18:45:51	2	5	0	0	1	0	0
18:45:54	2	5	0	0	1	0	0
18:45:57	2	5	0	0	1	0	0
18:46:00	2	5	0	0	1	0	0
18:46:03	2	5	0	0	1	0	0
18:46:06	2	5	0	0	1	0	0
18:46:09	2	5	0	0	1	0	0
18:46:12	2	5	0	0	1	0	0
18:46:15	2	5	0	0	1	0	0
18:46:18	1	5	1	0	0	0	0
18:46:23	1	5	1	0	0	0	0
18:46:26	1	5	1	0	0	0	0
18:46:29	1	5	1	0	0	0	0
18:46:32	1	5	1	0	0	0	0
18:46:35	1	5	1	0	0	0	0
18:46:38	1	5	1	0	0	0	0
18:46:41	1	5	1	0	0	0	0
18:46:44	1	5	1	0	0	0	0
18:46:47	1	5	1	0	0	0	0
18:46:50	1	5	1	0	0	0	0
18:46:53	1	5	1	0	0	0	0
18:46:56	1	5	1	0	0	0	0
18:46:59	1	5	1	0	0	0	0
18:47:02	1	5	1	0	0	0	0
18:47:06	1	5	1	0	0	0	0
18:47:09	1	5	1	0	0	0	0
18:47:12	1	5	1	0	0	0	0
18:47:15	7	5	0	0	0	0	0
18:47:18	7	5	0	0	0	0	0
18:47:21	7	5	0	0	0	0	0
18:47:24	7	5	0	0	0	0	0
18:47:28	2	5	0	0	1	0	0
18:47:31	2	5	0	0	1	0	0
18:47:34	2	5	0	0	1	0	0
18:47:37	2	5	0	0	1	0	0
18:47:40	2	5	0	0	1	0	0
18:47:43	2	5	0	0	1	0	0
18:47:46	2	5	0	0	1	0	0
18:47:50	2	5	0	0	1	0	0
18:47:53	2	5	0	0	1	0	0
18:47:56	2	5	0	0	1	0	0
18:47:59	1	5	1	0	0	0	0
18:48:02	1	5	1	0	0	0	0
18:48:05	1	5	1	0	0	0	0
18:48:08	1	5	1	0	0	0	0
18:48:11	1	5	1	0	0	0	0
18:48:14	1	5	1	0	0	0	0
18:48:17	1	5	1	0	0	0	0
18:48:20	1	5	1	0	0	0	0
18:48:23	1	5	1	0	0	0	0
18:48:26	1	5	1	0	0	0	1
18:48:29	1	5	1	0	0	0	1
18:48:33	1	5	1	0	0	0	1
18:48:36	1	5	1	0	0	0	1
18:48:39	1	5	1	0	0	0	1
18:48:42	1	5	1	0	0	0	1
18:48:45	1	5	1	0	0	0	1
18:48:48	1	5	1	0	0	0	1
18:48:51	1	5	1	0	0	0	1
18:48:54	1	5	1	0	0	0	0
18:48:57	1	5	1	0	0	0	0
18:49:00	2	5	0	0	1	0	0
18:49:04	2	5	0	0	1	0	0
18:49:07	2	5	0	0	1	0	0
18:49:10	2	5	0	0	1	0	0
18:49:13	2	5	0	0	1	0	0
18:49:17	2	5	0	0	1	0	0
18:49:20	2	5	0	0	1	0	0
18:49:23	2	5	0	0	1	0	0
18:49:26	2	5	0	0	1	0	0
18:49:29	2	5	0	0	1	0	0
18:49:32	2	5	0	0	1	0	0
18:49:35	2	5	0	0	1	0	0
18:49:38	2	5	0	0	1	0	0
18:49:41	2	5	0	0	1	0	0
18:49:44	2	5	0	0	1	0	0
18:49:47	2	5	0	0	1	0	0
18:49:50	2	5	0	0	1	0	0
18:49:53	2	5	0	0	1	0	0
18:49:57	2	5	0	0	1	0	0
18:50:00	2	5	0	0	1	0	0
18:50:03	2	5	0	0	1	0	0
18:50:06	2	5	0	0	1	0	0
18:50:09	1	5	1	0	0	0	0
18:50:12	1	5	1	0	0	0	0
18:50:15	1	5	1	0	0	0	0
18:50:18	1	5	1	0	0	0	0
18:50:21	1	5	1	0	0	0	0
18:50:24	1	5	1	0	0	0	0
18:50:27	1	5	1	0	0	0	0
18:50:30	1	5	1	0	0	0	0
18:50:33	1	5	1	0	0	0	0
18:50:36	1	5	1	0	0	0	0
18:50:40	1	5	1	0	0	0	0
18:50:43	1	5	1	0	0	0	0
18:50:46	1	5	1	0	0	0	0
18:50:49	1	5	1	0	0	0	0
18:50:52	1	5	1	0	0	0	0
18:50:55	1	5	1	0	0	0	0
18:50:58	1	5	1	0	0	0	0
18:51:01	1	5	1	0	0	0	0
18:51:04	1	5	1	0	0	0	0
18:51:07	1	5	1	0	0	0	0
18:51:10	1	5	1	0	0	0	0
18:51:13	1	5	1	0	0	0	0
18:51:16	1	5	1	0	0	0	0
18:51:19	1	5	1	0	0	0	0
18:51:23	1	5	1	0	0	0	0
18:51:26	1	5	1	0	0	0	0
18:51:29	1	5	1	0	0	0	0
18:51:32	1	5	1	0	0	0	0
18:51:35	1	5	1	0	0	0	0
18:51:38	1	5	1	0	0	0	0
18:51:41	1	5	1	0	0	0	0
18:51:44	1	5	1	0	0	0	0
18:51:47	1	5	1	0	0	0	0
18:51:50	1	5	1	0	0	0	0
18:51:53	1	5	1	0	0	0	1
18:51:56	1	5	1	0	0	0	1
18:51:59	1	5	1	0	0	0	1
18:52:02	1	5	1	0	0	0	1
18:52:06	1	5	1	0	0	0	1
18:52:09	1	5	1	0	0	0	1
18:52:12	1	5	1	0	0	0	1
18:52:15	1	5	1	0	0	0	1
18:52:18	1	5	1	0	0	0	0
18:52:21	1	5	1	0	0	0	0
18:52:24	2	5	0	0	1	0	0
18:52:27	2	5	0	0	1	0	0
18:52:30	2	5	0	0	1	0	0
18:52:33	2	5	0	0	1	0	0
18:52:36	2	5	0	0	1	0	0
18:52:39	2	5	0	0	1	0	0
18:52:42	2	5	0	0	1	0	0
18:52:45	2	5	0	0	1	0	0
18:52:49	2	5	0	0	1	0	0
18:52:52	1	5	1	0	0	0	0
18:52:55	1	5	1	0	0	0	0
18:52:58	1	5	1	0	0	0	0
18:53:01	1	5	1	0	0	0	0
18:53:04	1	5	1	0	0	0	0
18:53:07	1	5	1	0	0	0	0
18:53:10	1	5	1	0	0	0	0
18:53:13	1	5	1	0	0	0	0
18:53:16	1	5	1	0	0	0	0
18:53:19	1	5	1	0	0	0	0
18:53:22	1	5	1	0	0	0	0
18:53:25	1	5	1	0	0	0	0
18:53:29	1	5	1	0	0	0	0
18:53:32	1	5	1	0	0	0	0
18:53:35	1	5	1	0	0	0	0
18:53:38	1	5	1	0	0	0	0
18:53:41	1	5	1	0	0	0	0
18:53:44	1	5	1	0	0	0	0
18:53:47	1	5	1	0	0	0	0
18:53:50	1	5	1	0	0	0	0
18:53:53	1	5	1	0	0	0	0
18:53:56	1	5	1	0	0	0	0
18:53:59	1	5	1	0	0	0	0
18:54:02	1	5	1	0	0	0	0
18:54:05	1	5	1	0	0	0	0
18:54:08	1	5	1	0	0	0	0
18:54:12	1	5	1	0	0	0	0
18:54:15	1	5	1	0	0	0	0
18:54:18	1	5	1	0	0	0	0
18:54:21	1	5	1	0	0	0	0
18:54:24	1	5	1	0	0	0	0
18:54:27	1	5	1	0	0	0	0
18:54:30	1	5	1	0	0	0	0
18:54:33	1	5	1	0	0	0	0
18:54:36	1	5	1	0	0	0	0
18:54:39	1	5	1	0	0	0	0
18:54:42	1	5	1	0	0	0	0
18:54:45	1	5	1	0	0	0	0
18:54:48	1	5	1	0	0	0	0
18:54:51	1	5	1	0	0	0	0
18:54:55	1	5	1	0	0	0	0
18:54:58	1	5	1	0	0	0	0
18:55:01	1	5	1	0	0	0	0
18:55:04	1	5	1	0	0	0	0
18:55:07	1	5	1	0	0	0	0
18:55:10	1	5	1	0	0	0	0
18:55:13	1	5	1	0	0	0	1
18:55:16	1	5	1	0	0	0	1
18:55:19	1	5	1	0	0	0	1
18:55:22	1	5	1	0	0	0	1
18:55:25	1	5	1	0	0	0	1
18:55:28	1	5	1	0	0	0	1
18:55:31	1	5	1	0	0	0	1
18:55:34	1	5	1	0	0	0	0
18:55:38	1	5	1	0	0	0	0
18:55:41	1	5	1	0	0	0	0
18:55:44	2	5	0	0	1	0	0
18:55:47	2	5	0	0	1	0	0
18:55:50	2	5	0	0	1	0	0
18:55:53	2	5	0	0	1	0	0
18:55:56	2	5	0	0	1	0	0
18:55:59	2	5	0	0	1	0	0
18:56:02	2	5	0	0	1	0	0
18:56:05	2	5	0	0	1	0	0
18:56:08	1	5	1	0	0	0	0
18:56:11	1	5	1	0	0	0	0
18:56:14	1	5	1	0	0	0	0
18:56:17	1	5	1	0	0	0	0
18:56:21	1	5	1	0	0	0	0
18:56:24	1	5	1	0	0	0	0
18:56:27	1	5	1	0	0	0	0
18:56:30	1	5	1	0	0	0	0
18:56:33	1	5	1	0	0	0	0
18:56:36	1	5	1	0	0	0	0
18:56:39	1	5	1	0	0	0	0
18:56:42	1	5	1	0	0	0	0
18:56:45	1	5	1	0	0	0	0
18:56:48	1	5	1	0	0	0	0
18:56:51	1	5	1	0	0	0	0
18:56:54	1	5	1	0	0	0	0
18:56:57	1	5	1	0	0	0	0
18:57:00	1	5	1	0	0	0	0
18:57:04	1	5	1	0	0	0	0
18:57:07	1	5	1	0	0	0	0
18:57:10	1	5	1	0	0	0	0
18:57:13	1	5	1	0	0	0	0
18:57:16	1	5	1	0	0	0	0
18:57:19	1	5	1	0	0	0	1
18:57:22	1	5	1	0	0	0	1
18:57:25	1	5	1	0	0	0	1
18:57:28	1	5	1	0	0	0	1
18:57:31	1	5	1	0	0	0	1
18:57:34	1	5	1	0	0	0	1
18:57:37	1	5	1	0	0	0	1
18:57:40	1	5	1	0	0	0	0
18:57:43	1	5	1	0	0	0	0
18:57:47	1	5	1	0	0	0	0
18:57:50	2	5	0	0	1	0	0
18:57:53	2	5	0	0	1	0	0
18:57:56	2	5	0	0	1	0	0
18:57:59	2	5	0	0	1	0	0
18:58:02	2	5	0	0	1	0	0
18:58:05	2	5	0	0	1	0	0
18:58:08	2	5	0	0	1	0	0
18:58:11	2	5	0	0	1	0	0
18:58:14	2	5	0	0	1	0	0
18:58:17	2	5	0	0	1	0	0
18:58:20	1	5	1	0	0	0	0
18:58:23	1	5	1	0	0	0	0
18:58:26	1	5	1	0	0	0	0
18:58:30	1	5	1	0	0	0	0
18:58:33	1	5	1	0	0	0	0
18:58:36	1	5	1	0	0	0	0
18:58:39	1	5	1	0	0	0	0
18:58:42	1	5	1	0	0	0	0
18:58:45	1	5	1	0	0	0	0
18:58:48	1	5	1	0	0	0	0
18:58:51	1	5	1	0	0	0	0
18:58:54	1	5	1	0	0	0	0
18:58:57	1	5	1	0	0	0	0
18:59:00	1	5	1	0	0	0	0
18:59:03	1	5	1	0	0	0	0
18:59:06	1	5	1	0	0	0	0
18:59:10	1	5	1	0	0	0	0
18:59:13	1	5	1	0	0	0	0
18:59:16	1	5	1	0	0	0	0
18:59:19	1	5	1	0	0	0	0
18:59:22	1	5	1	0	0	0	0
18:59:25	1	5	1	0	0	0	0
18:59:28	1	5	1	0	0	0	0
18:59:31	1	5	1	0	0	0	0
18:59:34	1	5	1	0	0	0	0
18:59:37	1	5	1	0	0	0	0
18:59:40	1	5	1	0	0	0	0
18:59:43	1	5	1	0	0	0	0
18:59:46	1	5	1	0	0	0	0
18:59:49	1	5	1	0	0	0	0
18:59:53	1	5	1	0	0	0	0
18:59:56	1	5	1	0	0	0	0
18:59:59	1	5	1	0	0	0	0
19:00:02	1	5	1	0	0	0	0
19:00:05	1	5	1	0	0	0	0
19:00:08	1	5	1	0	0	0	0
19:00:11	1	5	1	0	0	0	0
19:00:14	1	5	1	0	0	0	0
19:00:17	1	5	1	0	0	0	0
19:00:20	1	5	1	0	0	0	0
19:00:23	1	5	1	0	0	0	0
19:00:26	1	5	1	0	0	0	0
19:00:29	1	5	1	0	0	0	1
19:00:32	1	5	1	0	0	0	1
19:00:34	1	5	1	0	0	0	1
19:00:38	1	5	1	0	0	0	1
19:00:41	1	5	1	0	0	0	1
19:00:44	1	5	1	0	0	0	1
19:00:47	1	5	1	0	0	0	1
19:00:50	1	5	1	0	0	0	0
19:00:53	1	5	1	0	0	0	0
19:00:56	1	5	1	0	0	0	0
19:00:59	2	5	0	0	1	0	0
19:01:02	2	5	0	0	1	0	0
19:01:05	2	5	0	0	1	0	0
19:01:08	2	5	0	0	1	0	0
19:01:11	2	5	0	0	1	0	0
19:01:14	2	5	0	0	1	0	0
19:01:18	2	5	0	0	1	0	0
19:01:21	2	5	0	0	1	0	0
19:01:24	2	5	1	0	0	0	0
19:01:27	1	5	1	0	0	0	0
19:01:30	1	5	1	0	0	0	0
19:01:33	1	5	1	0	0	0	0
19:01:36	1	5	1	0	0	0	0
19:01:39	1	5	1	0	0	0	0
19:01:42	1	5	1	0	0	0	0
19:01:45	1	5	1	0	0	0	0
19:01:48	1	5	1	0	0	0	0
19:01:51	1	5	1	0	0	0	0
19:01:54	1	5	1	0	0	0	0
19:01:57	1	5	1	0	0	0	0
19:02:01	1	5	1	0	0	0	0
19:02:04	1	5	1	0	0	0	0
19:02:07	1	5	1	0	0	0	0
19:02:10	1	5	1	0	0	0	0
19:02:13	1	5	1	0	0	0	0
19:02:16	1	5	1	0	0	0	0
19:02:19	1	5	1	0	0	0	0
19:02:22	1	5	1	0	0	0	0
19:02:25	1	5	1	0	0	0	0
19:02:28	1	5	1	0	0	0	0
19:02:31	1	5	1	0	0	0	0
19:02:34	1	5	1	0	0	0	0
19:02:37	1	5	1	0	0	0	0
19:02:40	1	5	1	0	0	0	0
19:02:44	1	5	1	0	0	0	0
19:02:47	1	5	1	0	0	0	0
19:02:50	1	5	1	0	0	0	0
19:02:53	1	5	1	0	0	0	0
19:02:56	1	5	1	0	0	0	0
19:02:59	1	5	1	0	0	0	0
19:03:02	1	5	1	0	0	0	0
19:03:05	1	5	1	0	0	0	0
19:03:08	1	5	1	0	0	0	0
19:03:11	1	5	1	0	0	0	0
19:03:14	1	5	1	0	0	0	0
19:03:17	1	5	1	0	0	0	0
19:03:20	1	5	1	0	0	0	0
19:03:23	1	5	1	0	0	0	0
19:03:27	1	5	1	0	0	0	0
19:03:30	1	5	1	0	0	0	1
19:03:33	1	5	1	0	0	0	1
19:03:36	1	5	1	0	0	0	1
19:03:39	1	5	1	0	0	0	1
19:03:42	1	5	1	0	0	0	1
19:03:45	1	5	1	0	0	0	1
19:03:48	1	5	1	0	0	0	1
19:03:51	1	5	1	0	0	0	0
19:03:54	1	5	1	0	0	0	0
19:03:57	1	5	1	0	0	0	0
19:04:00	2	5	0	0	1	0	0
19:04:03	2	5	0	0	1	0	0
19:04:06	2	5	0	0	1	0	0
19:04:10	2	5	0	0	1	0	0
19:04:13	2	5	0	0	1	0	0
19:04:16	2	5	0	0	1	0	0
19:04:19	2	5	0	0	1	0	0
19:04:22	2	5	0	0	1	0	0
19:04:25	1	5	1	0	0	0	0
19:04:28	1	5	1	0	0	0	0
19:04:31	1	5	1	0	0	0	0
19:04:34	1	5	1	0	0	0	0
19:04:37	1	5	1	0	0	0	0
19:04:40	1	5	1	0	0	0	0
19:04:43	1	5	1	0	0	0	0
19:04:46	1	5	1	0	0	0	0
19:04:49	1	5	1	0	0	0	0
19:04:53	1	5	1	0	0	0	0
19:04:56	1	5	1	0	0	0	0
19:04:59	1	5	1	0	0	0	0
19:05:02	1	5	1	0	0	0	0
19:05:05	1	5	1	0	0	0	0
19:05:08	1	5	1	0	0	0	0
19:05:11	1	5	1	0	0	0	0
19:05:14	1	5	1	0	0	0	0
19:05:17	1	5	1	0	0	0	0
19:05:20	1	5	1	0	0	0	0
19:05:23	1	5	1	0	0	0	0
19:05:26	1	5	1	0	0	0	0
19:05:29	1	5	1	0	0	0	0
19:05:32	1	5	1	0	0	0	0
19:05:36	1	5	1	0	0	0	1
19:05:39	1	5	1	0	0	0	1
19:05:42	1	5	1	0	0	0	1
19:05:45	1	5	1	0	0	0	1
19:05:48	1	5	1	0	0	0	1
19:05:51	1	5	1	0	0	0	1
19:05:54	1	5	1	0	0	0	1
19:05:57	1	5	1	0	0	0	0
19:06:00	1	5	1	0	0	0	0
19:06:03	1	5	1	0	0	0	0
19:06:06	2	5	0	0	1	0	0
19:06:09	2	5	0	0	1	0	0
19:06:12	2	5	0	0	1	0	0
19:06:15	2	5	0	0	1	0	0
19:06:19	2	5	0	0	1	0	0
19:06:22	2	5	0	0	1	0	0
19:06:25	2	5	0	0	1	0	0
19:06:28	2	5	0	0	1	0	0
19:06:31	1	5	1	0	0	0	0
19:06:34	1	5	1	0	0	0	0
19:06:37	1	5	1	0	0	0	0
19:06:40	1	5	1	0	0	0	0
19:06:43	1	5	1	0	0	0	0
19:06:46	1	5	1	0	0	0	0
19:06:49	1	5	1	0	0	0	0
19:06:52	1	5	1	0	0	0	0
19:06:55	1	5	1	0	0	0	0
19:07:00	1	5	1	0	0	0	0
19:07:03	1	5	1	0	0	0	0
19:07:06	1	5	1	0	0	0	0
19:07:09	1	5	1	0	0	0	0
19:07:12	1	5	1	0	0	0	0
19:07:15	1	5	1	0	0	0	0
19:07:18	1	5	1	0	0	0	0
19:07:21	1	5	1	0	0	0	0
19:07:24	1	5	1	0	0	0	0
19:07:27	1	5	1	0	0	0	0
19:07:30	1	5	1	0	0	0	0
19:07:33	1	5	1	0	0	0	0
19:07:36	1	5	1	0	0	0	0
19:07:39	1	5	1	0	0	0	0
19:07:43	1	5	1	0	0	0	0
19:07:46	1	5	1	0	0	0	0
19:07:49	1	5	1	0	0	0	0
19:07:52	1	5	1	0	0	0	0
19:07:55	1	5	1	0	0	0	0
19:07:58	1	5	1	0	0	0	0
19:08:01	1	5	1	0	0	0	0
19:08:04	1	5	1	0	0	0	0
19:08:07	1	5	1	0	0	0	0
19:08:10	1	5	1	0	0	0	0
19:08:13	1	5	1	0	0	0	0
19:08:16	1	5	1	0	0	0	0
19:08:19	1	5	1	0	0	0	1
19:08:22	1	5	1	0	0	0	1
19:08:26	1	5	1	0	0	0	1
19:08:29	1	5	1	0	0	0	1
19:08:32	1	5	1	0	0	0	1
19:08:35	1	5	1	0	0	0	1
19:08:38	1	5	1	0	0	0	1
19:08:41	1	5	1	0	0	0	0
19:08:44	1	5	1	0	0	0	0
19:08:47	1	5	1	0	0	0	0
19:08:50	2	5	0	0	1	0	0
19:08:53	2	5	0	0	1	0	0
19:08:56	2	5	0	0	1	0	0
19:08:59	2	5	0	0	1	0	0
19:09:02	2	5	0	0	1	0	0
19:09:07	2	5	0	0	1	0	0
19:09:10	2	5	0	0	1	0	0
19:09:13	2	5	0	0	1	0	0
19:09:16	1	5	1	0	0	0	0
19:09:19	1	5	1	0	0	0	0
19:09:22	1	5	1	0	0	0	0
19:09:25	1	5	1	0	0	0	0
19:09:28	1	5	1	0	0	0	0
19:09:31	1	5	1	0	0	0	0
19:09:34	1	5	1	0	0	0	0
19:09:37	1	5	1	0	0	0	0
19:09:40	1	5	1	0	0	0	0
19:09:43	1	5	1	0	0	0	0
19:09:46	1	5	1	0	0	0	0
19:09:50	1	5	1	0	0	0	0
19:09:53	1	5	1	0	0	0	0
19:09:56	1	5	1	0	0	0	0
19:09:59	1	5	1	0	0	0	0
19:10:02	1	5	1	0	0	0	0
19:10:05	1	5	1	0	0	0	0
19:10:08	1	5	1	0	0	0	0
19:01:00	1	5	1	0	0	0	0
19:10:13	1	5	1	0	0	0	0
19:10:16	1	5	1	0	0	0	0
19:10:19	1	5	1	0	0	0	0
19:10:22	1	5	1	0	0	0	0
19:10:25	1	5	1	0	0	0	0
19:10:28	1	5	1	0	0	0	0
19:10:31	1	5	1	0	0	0	0
19:10:35	1	5	1	0	0	0	0
19:10:38	1	5	1	0	0	0	1
19:10:41	1	5	1	0	0	0	1
19:10:44	1	5	1	0	0	0	1
19:10:47	1	5	1	0	0	0	1
19:10:50	1	5	1	0	0	0	1
19:10:53	1	5	1	0	0	0	1
19:10:56	1	5	1	0	0	0	0
19:10:59	1	5	1	0	0	0	0
19:11:02	1	5	1	0	0	0	0
19:11:05	2	5	0	0	1	0	0
19:11:08	2	5	0	0	1	0	0
19:11:11	2	5	0	0	1	0	0
19:11:15	2	5	0	0	1	0	0
19:11:18	2	5	0	0	1	0	0
19:11:21	2	5	0	0	1	0	0
19:11:24	2	5	0	0	1	0	0
19:11:27	2	5	0	0	1	0	0
19:11:30	2	5	0	0	1	0	0
19:11:33	1	5	1	0	0	0	0
19:11:36	1	5	1	0	0	0	0
19:11:39	1	5	1	0	0	0	0
19:11:42	1	5	1	0	0	0	0
19:11:45	1	5	1	0	0	0	0
19:11:48	1	5	1	0	0	0	0
19:11:51	1	5	1	0	0	0	0
19:11:54	1	5	1	0	0	0	0
19:11:58	1	5	1	0	0	0	0
19:12:01	1	5	1	0	0	0	0
19:12:04	1	5	1	0	0	0	0
19:12:07	1	5	1	0	0	0	0
19:12:10	1	5	1	0	0	0	0
19:12:13	1	5	1	0	0	0	0
19:12:16	1	5	1	0	0	0	0
19:12:19	1	5	1	0	0	0	0
19:12:22	1	5	1	0	0	0	0
19:12:25	1	5	1	0	0	0	0
19:12:28	1	5	1	0	0	0	0
19:12:31	1	5	1	0	0	0	0
19:12:34	1	5	1	0	0	0	0
19:12:37	1	5	1	0	0	0	0
19:12:41	1	5	1	0	0	0	0
19:12:44	1	5	1	0	0	0	0
19:12:47	1	5	1	0	0	0	0
19:12:50	1	5	1	0	0	0	0
19:12:53	1	5	1	0	0	0	0
19:12:56	1	5	1	0	0	0	0
19:12:59	1	5	1	0	0	0	0
19:13:02	1	5	1	0	0	0	0
19:13:05	1	5	1	0	0	0	0
19:13:08	1	5	1	0	0	0	1
19:13:11	1	5	1	0	0	0	1
19:13:14	1	5	1	0	0	0	1
19:13:17	1	5	1	0	0	0	1
19:13:20	1	5	1	0	0	0	1
19:13:24	1	5	1	0	0	0	1
19:13:27	1	5	1	0	0	0	1
19:13:30	1	5	1	0	0	0	1
19:13:33	1	5	1	0	0	0	0
19:13:36	1	5	1	0	0	0	0
19:13:39	2	5	0	0	1	0	0
19:13:42	2	5	0	0	1	0	0
19:13:45	2	5	0	0	1	0	0
19:13:48	2	5	0	0	1	0	0
19:13:51	2	5	0	0	1	0	0
19:13:54	2	5	0	0	1	0	0
19:13:57	2	5	0	0	1	0	0
19:14:00	2	5	0	0	1	0	0
19:14:04	1	5	1	0	0	0	0
19:14:08	1	5	1	0	0	0	0
19:14:11	1	5	1	0	0	0	0
19:14:14	1	5	1	0	0	0	0
19:14:17	1	5	1	0	0	0	0
19:14:20	1	5	1	0	0	0	0
19:14:23	1	5	1	0	0	0	0
19:14:26	1	5	1	0	0	0	0
19:14:29	1	5	1	0	0	0	0
19:14:32	1	5	1	0	0	0	0
19:14:35	1	5	1	0	0	0	0
19:14:38	1	5	1	0	0	0	0
19:14:41	1	5	1	0	0	0	0
19:14:44	1	5	1	0	0	0	0
19:14:48	1	5	1	0	0	0	0
19:14:51	1	5	1	0	0	0	0
19:14:54	1	5	1	0	0	0	0
19:14:57	1	5	1	0	0	0	0
19:15:00	1	5	1	0	0	0	0
19:15:03	1	5	1	0	0	0	1
19:15:06	1	5	1	0	0	0	1
19:15:09	1	5	1	0	0	0	1
19:15:12	1	5	1	0	0	0	1
19:15:15	1	5	1	0	0	0	1
19:15:18	1	5	1	0	0	0	1
19:15:21	1	5	1	0	0	0	1
19:15:24	1	5	1	0	0	0	0
19:15:27	1	5	1	0	0	0	0
19:15:31	2	5	0	0	1	0	0
19:15:34	2	5	0	0	1	0	0
19:15:37	2	5	0	0	1	0	0
19:15:40	2	5	0	0	1	0	0
19:15:43	2	5	0	0	1	0	0
19:15:46	2	5	0	0	1	0	0
19:15:49	2	5	0	0	1	0	0
19:15:52	2	5	0	0	1	0	0
19:15:55	2	5	0	0	1	0	0
19:15:58	1	5	1	0	0	0	0
19:16:01	1	5	1	0	0	0	0
19:16:04	1	5	1	0	0	0	0
19:16:07	1	5	1	0	0	0	0
19:16:10	1	5	1	0	0	0	0
19:16:14	1	5	1	0	0	0	0
19:16:17	1	5	1	0	0	0	0
19:16:20	1	5	1	0	0	0	0
19:16:23	1	5	1	0	0	0	0
19:16:26	1	5	1	0	0	0	0
19:16:29	1	5	1	0	0	0	0
19:16:32	1	5	1	0	0	0	0
19:16:35	1	5	1	0	0	0	0
19:16:38	1	5	1	0	0	0	0
19:16:41	1	5	1	0	0	0	0
19:16:44	1	5	1	0	0	0	0
19:16:47	1	5	1	0	0	0	0
19:16:50	1	5	1	0	0	0	0
19:16:53	1	5	1	0	0	0	0
19:16:57	1	5	1	0	0	0	0
19:17:00	1	5	1	0	0	0	0
19:17:03	1	5	1	0	0	0	0
19:17:06	1	5	1	0	0	0	0
19:17:09	1	5	1	0	0	0	0
19:17:12	1	5	1	0	0	0	0
19:17:15	1	5	1	0	0	0	1
19:17:18	1	5	1	0	0	0	1
19:17:21	1	5	1	0	0	0	1
19:17:24	1	5	1	0	0	0	1
19:17:27	1	5	1	0	0	0	1
19:17:30	1	5	1	0	0	0	1
19:17:33	1	5	1	0	0	0	1
19:17:36	1	5	1	0	0	0	0
19:17:40	1	5	1	0	0	0	0
19:17:43	2	5	0	0	1	0	0
19:17:46	2	5	0	0	1	0	0
19:17:49	2	5	0	0	1	0	0
19:17:52	2	5	0	0	1	0	0
19:17:55	2	5	0	0	1	0	0
19:17:58	2	5	0	0	1	0	0
19:18:01	2	5	0	0	1	0	0
19:18:04	2	5	0	0	1	0	0
19:18:07	2	5	0	0	1	0	0
19:18:10	2	5	0	0	1	0	0
19:18:13	1	5	1	0	0	0	0
19:18:16	1	5	1	0	0	0	0
19:18:19	1	5	1	0	0	0	0
19:18:23	1	5	1	0	0	0	0
19:18:26	1	5	1	0	0	0	0
19:18:29	1	5	1	0	0	0	0
19:18:32	1	5	1	0	0	0	0
19:18:35	1	5	1	0	0	0	0
19:18:38	1	5	1	0	0	0	0
19:18:41	1	5	1	0	0	0	0
19:18:44	1	5	1	0	0	0	0
19:18:47	1	5	1	0	0	0	0
19:18:50	1	5	1	0	0	0	0
19:18:53	1	5	1	0	0	0	0
19:18:56	1	5	1	0	0	0	0
19:18:59	1	5	1	0	0	0	0
19:19:02	1	5	1	0	0	0	0
19:19:06	1	5	1	0	0	0	0
19:19:09	1	5	1	0	0	0	0
19:19:12	1	5	1	0	0	0	0
19:19:15	1	5	1	0	0	0	0
19:19:18	1	5	1	0	0	0	0
19:19:21	1	5	1	0	0	0	0
19:19:24	1	5	1	0	0	0	0
19:19:27	1	5	1	0	0	0	0
19:19:30	1	5	1	0	0	0	1
19:19:33	1	5	1	0	0	0	1
19:19:36	1	5	1	0	0	0	1
19:19:39	1	5	1	0	0	0	1
19:19:42	1	5	1	0	0	0	1
19:19:45	1	5	1	0	0	0	1
19:19:49	1	5	1	0	0	0	1
19:19:52	1	5	1	0	0	0	0
19:19:55	1	5	1	0	0	0	0
19:19:58	1	5	1	0	0	0	0
19:20:01	2	5	0	0	1	0	0
19:20:04	2	5	0	0	1	0	0
19:20:07	2	5	0	0	1	0	0
19:20:10	2	5	0	0	1	0	0
19:20:13	2	5	0	0	1	0	0
19:20:16	2	5	0	0	1	0	0
19:20:19	2	5	0	0	1	0	0
19:20:22	2	5	0	0	1	0	0
19:20:25	2	5	0	0	1	0	0
19:20:27	1	5	1	0	0	0	0
19:20:31	1	5	1	0	0	0	0
19:20:34	1	5	1	0	0	0	0
19:20:37	1	5	1	0	0	0	0
19:20:40	1	5	1	0	0	0	0
19:20:43	1	5	1	0	0	0	0
19:20:46	1	5	1	0	0	0	0
19:20:49	1	5	1	0	0	0	0
19:20:52	1	5	1	0	0	0	0
19:20:55	1	5	1	0	0	0	0
19:20:58	1	5	1	0	0	0	0
19:21:01	1	5	1	0	0	0	0
19:21:04	1	5	1	0	0	0	0
19:21:07	1	5	1	0	0	0	0
19:21:10	1	5	1	0	0	0	0
19:21:14	1	5	1	0	0	0	0
19:21:17	1	5	1	0	0	0	0
19:21:20	1	5	1	0	0	0	0
19:21:23	1	5	1	0	0	0	0
19:21:26	1	5	1	0	0	0	0
19:21:29	1	5	1	0	0	0	0
19:21:32	1	5	1	0	0	0	0
19:21:35	1	5	1	0	0	0	0
19:21:38	1	5	1	0	0	0	0
19:21:41	1	5	1	0	0	0	0
19:21:44	1	5	1	0	0	0	0
19:21:47	1	5	1	0	0	0	0
19:21:50	1	5	1	0	0	0	1
19:21:53	1	5	1	0	0	0	1
19:21:57	1	5	1	0	0	0	1
19:22:00	1	5	1	0	0	0	1
19:22:03	1	5	1	0	0	0	1
19:22:06	1	5	1	0	0	0	1
19:22:09	1	5	1	0	0	0	1
19:22:12	1	5	1	0	0	0	0
19:22:15	1	5	1	0	0	0	0
19:22:18	1	5	1	0	0	0	0
19:22:21	2	5	0	0	1	0	0
19:22:24	2	5	0	0	1	0	0
19:22:27	2	5	0	0	1	0	0
19:22:30	2	5	0	0	1	0	0
19:22:33	2	5	0	0	1	0	0
19:22:37	2	5	0	0	1	0	0
19:22:40	2	5	0	0	1	0	0
19:22:43	2	5	0	0	1	0	0
19:22:46	1	5	1	0	0	0	0
19:22:49	1	5	1	0	0	0	0
19:22:52	1	5	1	0	0	0	0
19:22:55	1	5	1	0	0	0	0
19:22:58	1	5	1	0	0	0	0
19:23:01	1	5	1	0	0	0	0
19:23:04	1	5	1	0	0	0	0
19:23:07	1	5	1	0	0	0	0
19:23:10	1	5	1	0	0	0	0
19:23:13	1	5	1	0	0	0	0
19:23:16	1	5	1	0	0	0	0
19:23:20	1	5	1	0	0	0	0
19:23:23	1	5	1	0	0	0	0
19:23:26	1	5	1	0	0	0	0
19:23:29	1	5	1	0	0	0	0
19:23:32	1	5	1	0	0	0	0
19:23:35	1	5	1	0	0	0	0
19:23:38	1	5	1	0	0	0	0
19:23:41	1	5	1	0	0	0	0
19:23:44	1	5	1	0	0	0	0
19:23:47	1	5	1	0	0	0	0
19:23:50	1	5	1	0	0	0	0
19:23:53	1	5	1	0	0	0	0
19:23:56	1	5	1	0	0	0	0
19:23:59	1	5	1	0	0	0	0
19:24:03	1	5	1	0	0	0	0
19:24:06	1	5	1	0	0	0	0
19:24:09	1	5	1	0	0	0	0
19:24:12	1	5	1	0	0	0	0
19:24:15	1	5	1	0	0	0	0
19:24:18	1	5	1	0	0	0	0
19:24:21	1	5	1	0	0	0	0
19:24:24	1	5	1	0	0	0	0
19:24:27	1	5	1	0	0	0	1
19:24:30	1	5	1	0	0	0	1
19:24:33	1	5	1	0	0	0	1
19:24:36	1	5	1	0	0	0	1
19:24:39	1	5	1	0	0	0	1
19:24:42	1	5	1	0	0	0	1
19:24:46	1	5	1	0	0	0	1
19:24:49	1	5	1	0	0	0	0
19:24:52	1	5	1	0	0	0	0
19:24:55	2	5	0	0	1	0	0
19:24:58	2	5	0	0	1	0	0
19:25:01	2	5	0	0	1	0	0
19:25:04	2	5	0	0	1	0	0
19:25:07	2	5	0	0	1	0	0
19:25:10	2	5	0	0	1	0	0
19:25:13	2	5	0	0	1	0	0
19:25:16	2	5	0	0	1	0	0
19:25:19	2	5	0	0	1	0	0
19:25:22	1	5	1	0	0	0	0
19:25:25	1	5	1	0	0	0	0
19:25:29	1	5	1	0	0	0	0
19:25:32	1	5	1	0	0	0	0
19:25:35	1	5	1	0	0	0	0
19:25:38	1	5	1	0	0	0	0
19:25:41	1	5	1	0	0	0	0
19:25:44	1	5	1	0	0	0	0
19:25:47	1	5	1	0	0	0	0
19:25:50	1	5	1	0	0	0	0
19:25:53	1	5	1	0	0	0	0
19:25:56	1	5	1	0	0	0	0
19:25:59	1	5	1	0	0	0	0
19:26:03	1	5	1	0	0	0	0
19:26:07	1	5	1	0	0	0	0
19:26:11	1	5	1	0	0	0	0
19:26:14	1	5	1	0	0	0	0
19:26:17	1	5	1	0	0	0	0
19:26:20	1	5	1	0	0	0	0
19:26:23	1	5	1	0	0	0	0
19:26:26	1	5	1	0	0	0	0
19:26:29	1	5	1	0	0	0	0
19:26:32	1	5	1	0	0	0	0
19:26:35	1	5	1	0	0	0	0
19:26:38	1	5	1	0	0	0	0
19:26:41	1	5	1	0	0	0	0
19:26:44	1	5	1	0	0	0	0
19:26:47	1	5	1	0	0	0	0
19:26:50	1	5	1	0	0	0	0
19:26:54	1	5	1	0	0	0	1
19:26:57	1	5	1	0	0	0	1
19:27:00	1	5	1	0	0	0	1
19:27:03	1	5	1	0	0	0	1
19:27:06	1	5	1	0	0	0	1
19:27:09	1	5	1	0	0	0	1
19:27:12	1	5	1	0	0	0	1
19:27:15	1	5	1	0	0	0	0
19:27:18	1	5	1	0	0	0	0
19:27:21	2	5	0	0	1	0	0
19:27:24	2	5	0	0	1	0	0
19:27:27	2	5	0	0	1	0	0
19:27:30	2	5	0	0	1	0	0
19:27:33	2	5	0	0	1	0	0
19:27:37	2	5	0	0	1	0	0
19:27:40	2	5	0	0	1	0	0
19:27:43	2	5	0	0	1	0	0
19:27:46	2	5	0	0	1	0	0
19:27:49	1	5	1	0	0	0	0
19:27:52	1	5	1	0	0	0	0
19:27:55	1	5	1	0	0	0	0
19:27:58	1	5	1	0	0	0	0
19:28:01	1	5	1	0	0	0	0
19:28:04	1	5	1	0	0	0	0
19:28:07	1	5	1	0	0	0	0
19:28:10	1	5	1	0	0	0	0
19:28:13	1	5	1	0	0	0	0
19:28:16	1	5	1	0	0	0	0
19:28:20	1	5	1	0	0	0	0
19:28:23	1	5	1	0	0	0	0
19:28:26	1	5	1	0	0	0	0
19:28:29	1	5	1	0	0	0	0
19:28:32	1	5	1	0	0	0	0
19:28:35	1	5	1	0	0	0	0
19:28:38	1	5	1	0	0	0	0
19:28:41	1	5	1	0	0	0	0
19:28:44	1	5	1	0	0	0	0
19:28:47	1	5	1	0	0	0	0
19:28:50	1	5	1	0	0	0	0
19:28:53	1	5	1	0	0	0	0
19:28:56	1	5	1	0	0	0	0
19:28:59	1	5	1	0	0	0	0
19:29:03	1	5	1	0	0	0	0
19:29:06	1	5	1	0	0	0	0
19:29:09	1	5	1	0	0	0	0
19:29:12	1	5	1	0	0	0	0
19:29:15	1	5	1	0	0	0	0
19:29:18	1	5	1	0	0	0	1
19:29:21	1	5	1	0	0	0	1
19:29:24	1	5	1	0	0	0	1
19:29:27	1	5	1	0	0	0	1
19:29:30	1	5	1	0	0	0	1
19:29:33	1	5	1	0	0	0	1
19:29:36	1	5	1	0	0	0	1
19:29:39	1	5	1	0	0	0	0
19:29:43	1	5	1	0	0	0	0
19:29:46	1	5	1	0	0	0	0
19:29:49	2	5	0	0	1	0	0
19:29:52	2	5	0	0	1	0	0
19:29:55	2	5	0	0	1	0	0
19:29:58	2	5	0	0	1	0	0
19:30:01	2	5	0	0	1	0	0
19:30:04	2	5	0	0	1	0	0
19:30:07	2	5	0	0	1	0	0
19:30:10	2	5	0	0	1	0	0
19:30:13	1	5	1	0	0	0	0
19:30:16	1	5	1	0	0	0	0
19:30:19	1	5	1	0	0	0	0
19:30:22	1	5	1	0	0	0	0
19:30:26	1	5	1	0	0	0	0
19:30:29	1	5	1	0	0	0	0
19:30:32	1	5	1	0	0	0	0
19:30:35	1	5	1	0	0	0	0
19:30:38	1	5	1	0	0	0	0
19:03:00	1	5	1	0	0	0	0
19:30:43	1	5	1	0	0	0	0
19:30:46	1	5	1	0	0	0	0
19:30:49	1	5	1	0	0	0	0
19:30:52	1	5	1	0	0	0	0
19:30:55	1	5	1	0	0	0	0
19:30:58	1	5	1	0	0	0	0
19:31:01	1	5	1	0	0	0	0
19:31:04	1	5	1	0	0	0	0
19:31:07	1	5	1	0	0	0	0
19:31:11	1	5	1	0	0	0	0
19:31:14	1	5	1	0	0	0	0
19:31:17	1	5	1	0	0	0	0
19:31:20	1	5	1	0	0	0	0
19:31:23	1	5	1	0	0	0	0
19:31:26	1	5	1	0	0	0	1
19:31:29	1	5	1	0	0	0	1
19:31:32	1	5	1	0	0	0	1
19:31:35	1	5	1	0	0	0	1
19:31:38	1	5	1	0	0	0	1
19:31:41	1	5	1	0	0	0	1
19:31:44	1	5	1	0	0	0	1
19:31:47	1	5	1	0	0	0	0
19:31:51	1	5	1	0	0	0	0
19:31:54	1	5	1	0	0	0	0
19:31:57	2	5	0	0	1	0	0
19:32:00	2	5	0	0	1	0	0
19:32:03	2	5	0	0	1	0	0
19:32:06	2	5	0	0	1	0	0
19:32:09	2	5	0	0	1	0	0
19:32:12	2	5	0	0	1	0	0
19:32:15	2	5	0	0	1	0	0
19:32:18	2	5	0	0	1	0	0
19:32:21	1	5	1	0	0	0	0
19:32:24	1	5	1	0	0	0	0
19:32:27	1	5	1	0	0	0	0
19:32:30	1	5	1	0	0	0	0
19:32:34	1	5	1	0	0	0	0
19:32:37	1	5	1	0	0	0	0
19:32:40	1	5	1	0	0	0	0
19:32:43	1	5	1	0	0	0	0
19:32:46	1	5	1	0	0	0	0
19:32:49	1	5	1	0	0	0	0
19:32:52	1	5	1	0	0	0	0
19:32:55	1	5	1	0	0	0	0
19:32:58	1	5	1	0	0	0	0
19:33:01	1	5	1	0	0	0	0
19:33:04	1	5	1	0	0	0	0
19:33:07	1	5	1	0	0	0	0
19:33:10	1	5	1	0	0	0	0
19:33:13	1	5	1	0	0	0	0
19:33:17	1	5	1	0	0	0	0
19:33:20	1	5	1	0	0	0	0
19:33:23	1	5	1	0	0	0	0
19:33:26	1	5	1	0	0	0	0
19:33:29	1	5	1	0	0	0	1
19:33:32	1	5	1	0	0	0	1
19:33:35	1	5	1	0	0	0	1
19:33:38	1	5	1	0	0	0	1
19:33:41	1	5	1	0	0	0	1
19:33:44	1	5	1	0	0	0	1
19:33:47	1	5	1	0	0	0	1
19:33:50	1	5	1	0	0	0	0
19:33:53	1	5	1	0	0	0	0
19:33:56	1	5	1	0	0	0	0
19:34:00	2	5	0	0	1	0	0
19:34:03	2	5	0	0	1	0	0
19:34:06	2	5	0	0	1	0	0
19:34:09	2	5	0	0	1	0	0
19:34:12	2	5	0	0	1	0	0
19:34:15	2	5	0	0	1	0	0
19:34:18	2	5	0	0	1	0	0
19:34:21	2	5	0	0	1	0	0
19:34:24	1	5	1	0	0	0	0
19:34:27	1	5	1	0	0	0	0
19:34:30	1	5	1	0	0	0	0
19:34:33	1	5	1	0	0	0	0
19:34:36	1	5	1	0	0	0	0
19:34:39	1	5	1	0	0	0	0
19:34:43	1	5	1	0	0	0	0
19:34:46	1	5	1	0	0	0	0
19:34:49	1	5	1	0	0	0	0
19:34:52	1	5	1	0	0	0	0
19:34:55	1	5	1	0	0	0	0
19:34:58	1	5	1	0	0	0	0
19:05:00	1	5	1	0	0	0	0
